"wavelngth (cm)" brightness
20.95808383233533 2.763818018698044
20.95816783250316 3.6739521303163034
20.958251832670996 6.694794911415696
20.958335832838827 3.6535560977355948
20.95841983300666 9.071486314170665
20.958503833174493 3.246971526870797
20.958587833342325 6.676362898775956
20.958671833510156 7.362940107894385
20.95875583367799 2.609962755259461
20.958839833845822 8.91677065475777
20.958923834013653 6.270332224151264
20.959007834181488 0.5082714399577369
20.95909183434932 1.9134590465506025
20.95917583451715 3.625588085644893
20.959259834684985 7.8471152413792735
20.959343834852817 3.2162479550284515
20.95942783502065 0.6020418688195658
20.959511835188483 0.8863235651707027
20.959595835356314 1.7515271258408618
20.95967983552415 3.0563004072262485
20.95976383569198 4.825519199302336
20.95984783585981 0.11117420939044691
20.959931836027646 0.6464449649515857
20.960015836195478 4.3824589206100315
20.96009983636331 5.4383357460903134
20.960183836531144 5.653693234568654
20.960267836698975 8.175165256217182
20.960351836866806 5.6278667803893105
20.96043583703464 6.628768234513109
20.960519837202472 8.568543814102489
20.960603837370304 6.054961544987551
20.96068783753814 7.259733549257849
20.96077183770597 5.932300570812378
20.9608558378738 7.863497580460936
20.960939838041636 1.279959533541944
20.961023838209467 8.986620706026132
20.9611078383773 5.400517818518232
20.961191838545133 2.520200531112406
20.961275838712965 2.4147597944222445
20.961359838880796 6.959807384161918
20.96144383904863 6.955680998446974
20.961527839216462 2.292797417812722
20.961611839384297 3.5330932220801916
20.961695839552128 2.005143908039103
20.96177983971996 0.49785521301846697
20.961863839887794 4.709067044661393
20.961947840055625 7.9732152178179865
20.962031840223457 7.398089434461156
20.96211584039129 0.25933620251081474
20.962199840559123 1.997819817198305
20.962283840726954 2.2068466991739335
20.96236784089479 7.057504336997516
20.96245184106262 6.122240626790566
20.96253584123045 8.818933485566879
20.962619841398286 0.9180000447748032
20.962703841566118 8.655262722921506
20.96278784173395 4.287194234198791
20.962871841901784 5.441481719332038
20.962955842069615 8.677943602119237
20.963039842237446 1.4292074119888247
20.96312384240528 6.996452864062238
20.963207842573112 5.670970748809917
20.963291842740944 5.274051871199024
20.96337584290878 4.202060002924828
20.96345984307661 5.572765438188024
20.96354384324444 8.939922379172549
20.963627843412276 6.857263250668745
20.963711843580107 1.7977266930474687
20.96379584374794 1.7910708154410058
20.963879843915773 1.9827406947922923
20.963963844083604 2.472073137068925
20.96404784425144 7.830727718749668
20.96413184441927 5.792565263002192
20.964215844587102 0.20448072391149852
20.964299844754937 2.708831394073258
20.964383844922768 0.5253919772991866
20.9644678450906 4.7683748666766865
20.964551845258434 9.187836254546859
20.964635845426265 2.1229063938284254
20.964719845594097 7.021481917651458
20.96480384576193 8.01898191216619
20.964887845929763 3.7299952754270804
20.964971846097594 4.958603358033556
20.96505584626543 7.730208490364144
20.96513984643326 0.9244733394807784
20.96522384660109 2.9154045390395322
20.965307846768926 8.0615104770354
20.965391846936758 3.346102528732346
20.96547584710459 2.8793769636894098
20.965559847272424 8.499788752604472
20.965643847440255 4.410524593806892
20.965727847608086 7.0812201639077585
20.96581184777592 3.241477330080693
20.965895847943752 8.220131728459332
20.965979848111584 4.132991557118683
20.96606384827942 4.415992381668328
20.96614784844725 2.5469466096721263
20.96623184861508 8.34643872933777
20.966315848782916 8.710389103868184
20.966399848950747 0.10860545893514055
20.966483849118582 1.4212097565084607
20.966567849286413 6.870358718748083
20.966651849454244 0.00193516534073264
20.96673584962208 8.88926881110679
20.96681984978991 2.5457767518793464
20.966903849957742 7.8049357868842595
20.966987850125577 0.9510904238041645
20.967071850293408 8.504503775970809
20.96715585046124 1.7732474961574618
20.967239850629074 3.4359019918919
20.967323850796905 6.3684993469102595
20.967407850964737 5.436885948970506
20.96749185113257 3.3342402338450152
20.967575851300403 1.6328113804478406
20.967659851468234 2.5827338865914307
20.96774385163607 5.581251027573941
20.9678278518039 5.716318053792735
20.96791185197173 7.87842057840181
20.967995852139566 6.878737492800434
20.968079852307397 6.621358542476626
20.96816385247523 2.364457822780148
20.968247852643064 1.9595304448840773
20.968331852810895 2.2025847563239087
20.968415852978726 5.84453933332277
20.96849985314656 6.060071283482316
20.968583853314392 7.034531467749045
20.968667853482227 8.41581003006452
20.96875185365006 1.7262936438016547
20.96883585381789 5.64924715685065
20.968919853985724 7.501236952999963
20.969003854153556 4.595414498636473
20.969087854321387 1.6015706346001473
20.969171854489222 5.370313445491242
20.969255854657053 1.1827183942522257
20.969339854824884 2.1138938008196506
20.96942385499272 2.6094092958064645
20.96950785516055 7.231406415135804
20.96959185532838 5.861053729465326
20.969675855496217 0.8274274838301493
20.969759855664048 5.225769779297156
20.96984385583188 3.4626193140632657
20.969927855999714 1.1112956258841638
20.970011856167545 0.48517109000198694
20.970095856335377 2.839466899416953
20.97017985650321 8.465106344473144
20.970263856671043 5.465443993011546
20.970347856838874 7.80373314443476
20.97043185700671 7.2132128117495276
20.97051585717454 4.677463625185821
20.97059985734237 5.784452773785702
20.970683857510206 5.872216195782902
20.970767857678037 4.748249461905175
20.97085185784587 7.143994458585497
20.970935858013704 5.607980872545502
20.971019858181535 7.718583964193957
20.97110385834937 5.853317776642046
20.9711878585172 5.8936806545877
20.971271858685032 0.08950284730200479
20.971355858852867 8.96730493988131
20.9714398590207 1.1969533543972521
20.97152385918853 0.13258644328778654
20.971607859356364 9.039675239828474
20.971691859524196 1.2784812512478512
20.971775859692027 6.204445546200235
20.971859859859862 2.2492366702408066
20.971943860027693 1.0282514758156518
20.972027860195524 7.852650036595677
20.97211186036336 7.870490510476593
20.97219586053119 2.7042363945511694
20.97227986069902 2.28870991022316
20.972363860866857 6.53255840830111
20.972447861034688 4.265475231247994
20.97253186120252 1.2452435254221974
20.972615861370354 7.923067267042171
20.972699861538185 3.560903827323663
20.972783861706016 7.046912878563461
20.97286786187385 6.5692588805381815
20.972951862041683 3.3183664098867727
20.973035862209514 8.12478436657226
20.97311986237735 0.0946439834283142
20.97320386254518 6.465658034285556
20.973287862713015 6.8828205463806205
20.973371862880846 1.504081369217122
20.973455863048677 4.847677174230975
20.973539863216512 5.710161281036603
20.973623863384343 2.3008204586844316
20.973707863552175 5.696226589347209
20.97379186372001 3.771186745942539
20.97387586388784 3.5614179906678904
20.973959864055672 4.167873173776429
20.974043864223507 0.7071941152572984
20.97412786439134 8.532029513628906
20.97421186455917 2.238955183691393
20.974295864727004 5.024879711335484
20.974379864894836 1.0351040497399935
20.974463865062667 7.9878507117826825
20.9745478652305 0.6377964517524373
20.974631865398333 7.691248491450782
20.974715865566164 2.23643353751431
20.974799865734 3.4063596550468844
20.97488386590183 1.716623176064838
20.97496786606966 8.195649276387345
20.975051866237497 1.9088349574786219
20.975135866405328 1.3853740763532942
20.97521986657316 5.7925319776342175
20.975303866740994 8.672804110301275
20.975387866908825 3.9948213811742623
20.975471867076656 5.88304505942326
20.97555586724449 5.479376941044141
20.975639867412323 0.6373049313544383
20.975723867580157 0.022987975928644055
20.97580786774799 3.838933398093694
20.97589186791582 5.530310007962375
20.975975868083655 8.068819536948801
20.976059868251486 9.277072455559344
20.976143868419317 5.29386083076688
20.976227868587152 1.9200444454531422
20.976311868754983 3.7935856323603305
20.976395868922815 7.289151992934944
20.97647986909065 8.496465868880367
20.97656386925848 5.023641046119048
20.976647869426312 4.67375959907029
20.976731869594147 1.0900236776711063
20.976815869761978 6.662180145010522
20.97689986992981 6.66751262863128
20.976983870097644 1.2330813667057903
20.977067870265476 6.919745974279026
20.977151870433307 2.5901823873667733
20.97723587060114 8.726137242660908
20.977319870768973 1.0033122243021584
20.977403870936804 7.102982109539652
20.97748787110464 1.994370714443473
20.97757187127247 6.468683934928383
20.9776558714403 6.251982727997463
20.977739871608136 4.219762262802576
20.977823871775968 8.858892720366478
20.977907871943803 3.64690110524937
20.977991872111634 7.80509601298341
20.978075872279465 0.20170704332266198
20.9781598724473 8.433186059061413
20.97824387261513 0.8535367342439866
20.978327872782963 7.401937912171476
20.978411872950797 7.662849194203715
20.97849587311863 4.236377316280502
20.97857987328646 7.893840962551001
20.978663873454295 4.45286054248325
20.978747873622126 6.494736654325223
20.978831873789957 7.9732052110101215
20.978915873957792 8.477785953060582
20.978999874125623 0.4625523367800334
20.979083874293455 3.4682545566807046
20.97916787446129 8.788176362162282
20.97925187462912 1.3115205778746817
20.979335874796952 6.879307447008999
20.979419874964787 5.495839749499179
20.979503875132618 0.33400693209815824
20.97958787530045 5.868809583007557
20.979671875468284 4.242977970425419
20.979755875636116 2.8074231475508413
20.979839875803947 3.7358761494368844
20.97992387597178 5.424952195057341
20.980007876139613 1.0620388184617062
20.980091876307444 7.8098585988376845
20.98017587647528 5.108564386602768
20.98025987664311 9.203256371151998
20.980343876810945 9.066572734145094
20.980427876978776 8.226715049365922
20.980511877146608 2.453126429868857
20.980595877314443 2.780823292423599
20.980679877482274 7.150068869471565
20.980763877650105 0.2879675150651891
20.98084787781794 1.5769399270030584
20.98093187798577 1.400900595112111
20.981015878153602 2.6154081971513117
20.981099878321437 6.625667034656917
20.98118387848927 5.021909161780185
20.9812678786571 3.340356010755226
20.981351878824935 7.24598901960949
20.981435878992766 8.630645563865585
20.981519879160597 1.9739284984621883
20.981603879328432 4.255798987487258
20.981687879496263 2.2206742004414655
20.981771879664095 1.1527897742428894
20.98185587983193 5.097341380968929
20.98193987999976 5.520866289623137
20.982023880167592 4.3307066061833535
20.982107880335427 1.0978247696681172
20.982191880503258 2.802557090880904
20.98227588067109 4.532743365573541
20.982359880838924 1.3450013552319855
20.982443881006756 7.068414981001883
20.982527881174587 2.0005436798360665
20.98261188134242 2.449929626225961
20.982695881510253 2.8070517265258106
20.982779881678088 9.077237167674467
20.98286388184592 5.6556408485226735
20.98294788201375 5.557869730996404
20.983031882181585 9.325871991865565
20.983115882349416 5.778206046839806
20.983199882517248 8.922294728539294
20.983283882685082 2.3862184272094633
20.983367882852914 6.951368322617439
20.983451883020745 8.136751623041844
20.98353588318858 8.829113704409776
20.98361988335641 6.447803548569464
20.983703883524242 2.105259485021733
20.983787883692077 0.5426609302084872
20.98387188385991 1.1956424603777447
20.98395588402774 7.118544854474825
20.984039884195575 7.397970038761683
20.984123884363406 5.3500384095084135
20.984207884531237 7.463384380778307
20.984291884699072 3.0111839561094618
20.984375884866903 7.740755691163108
20.984459885034735 0.3502239715032106
20.98454388520257 7.824746409016285
20.9846278853704 1.11162204014928
20.984711885538232 5.454933499540018
20.984795885706067 6.974709293012351
20.984879885873898 9.015445829268977
20.984963886041733 5.086092521601359
20.985047886209564 5.074944355904183
20.985131886377395 2.475582878472214
20.98521588654523 4.0282078979602
20.98529988671306 2.9088812121507877
20.985383886880893 1.097033558270922
20.985467887048728 1.8309282373431361
20.98555188721656 1.9559562925801401
20.98563588738439 0.12998286318521507
20.985719887552225 7.061312036649265
20.985803887720056 7.978298531057716
20.985887887887888 7.473922708210258
20.985971888055722 1.287765981186251
20.986055888223554 9.088588450532926
20.986139888391385 6.527977369958283
20.98622388855922 4.614634912843054
20.98630788872705 8.752336243143942
20.986391888894882 0.721131699901908
20.986475889062717 0.05604930473430688
20.98655988923055 5.004379257159931
20.98664388939838 8.593270950434457
20.986727889566215 1.8242999475910133
20.986811889734046 6.658361917273872
20.986895889901877 5.189766602790108
20.986979890069712 4.856465282339669
20.987063890237543 0.16508861502026548
20.987147890405375 1.0806782238658972
20.98723189057321 0.21099517595689293
20.98731589074104 1.7921439563725368
20.987399890908875 7.66192758526694
20.987483891076707 4.110463221803568
20.987567891244538 2.6872581724247118
20.987651891412373 3.3815780936994906
20.987735891580204 3.106263191307271
20.987819891748035 2.049992090924653
20.98790389191587 2.5581485195686997
20.9879878920837 1.8618929959374113
20.988071892251533 6.096664370975732
20.988155892419368 7.538214346152765
20.9882398925872 5.05463132938603
20.98832389275503 6.267356931698207
20.988407892922865 4.443678719707727
20.988491893090696 2.5572251443922545
20.988575893258528 6.352019538168294
20.988659893426362 3.7195993461014036
20.988743893594194 4.278874292527873
20.988827893762025 2.6772378470174956
20.98891189392986 4.290178035672776
20.98899589409769 1.0218632585465337
20.989079894265522 0.5703636163704534
20.989163894433357 8.24604586257574
20.98924789460119 2.1042362275327715
20.98933189476902 7.090067819050922
20.989415894936855 5.436883532115145
20.989499895104686 2.097213525817735
20.98958389527252 7.518987078603182
20.989667895440352 5.965843056112899
20.989751895608183 6.283624029870388
20.989835895776018 0.5838574073998349
20.98991989594385 0.28430007399210844
20.99000389611168 5.581066934581125
20.990087896279515 5.1132930900961435
20.990171896447347 6.882332008061525
20.990255896615178 1.14318606373671
20.990339896783013 7.485315322407555
20.990423896950844 6.909927274277727
20.990507897118675 4.689839824891524
20.99059189728651 5.968621687102101
20.99067589745434 7.3279167878273865
20.990759897622173 7.2249077140469335
20.990843897790008 2.197211155228154
20.99092789795784 3.5179569229522922
20.99101189812567 7.592598444600005
20.991095898293505 4.195512610180366
20.991179898461336 8.011086753703776
20.991263898629168 6.116697513076097
20.991347898797002 6.3224446267238035
20.991431898964834 5.3417286576277725
20.991515899132665 7.775991138719733
20.9915998993005 0.6980605287418604
20.99168389946833 5.485404246442729
20.991767899636162 2.462395069069326
20.991851899803997 8.898384251955346
20.99193589997183 4.858526551966566
20.992019900139663 7.54507178019922
20.992103900307495 8.283781196735573
20.992187900475326 0.3929578920853223
20.99227190064316 0.1862456009112264
20.992355900810992 5.518446476713805
20.992439900978823 1.2772607374251839
20.992523901146658 5.711326468059206
20.99260790131449 1.3024930021633974
20.99269190148232 7.702424089218548
20.992775901650155 4.4173848257352475
20.992859901817987 5.6723735737886765
20.992943901985818 6.039761160631976
20.993027902153653 2.709867380087173
20.993111902321484 1.9577624702710361
20.993195902489315 5.288825597043077
20.99327990265715 3.135003467478614
20.99336390282498 9.225344726254649
20.993447902992813 4.905778029020168
20.993531903160648 0.22465687214942529
20.99361590332848 3.9101225518181466
20.99369990349631 5.8680705014764625
20.993783903664145 6.924790382422731
20.993867903831976 7.0063078300480655
20.993951903999807 5.015263320204312
20.994035904167642 4.291471269774734
20.994119904335474 1.4290345690090878
20.994203904503305 2.752032433779149
20.99428790467114 6.795090146233998
20.99437190483897 1.962850787189817
20.994455905006806 5.333412058794351
20.994539905174637 0.8969878880420022
20.99462390534247 4.809164051437995
20.994707905510303 5.909987073914493
20.994791905678134 4.935360150896352
20.994875905845966 1.0530981686049097
20.9949599060138 8.267462717210618
20.995043906181632 0.15979791187762943
20.995127906349463 4.995047911060915
20.995211906517298 1.6069283384894772
20.99529590668513 7.070633746281007
20.99537990685296 4.231721805842749
20.995463907020795 1.0127639411546674
20.995547907188627 6.509874518528708
20.995631907356458 6.945843037529043
20.995715907524293 8.678525980794475
20.995799907692124 2.434683479007618
20.995883907859955 7.973258131111686
20.99596790802779 2.9276069325212433
20.99605190819562 2.8772482415426595
20.996135908363453 9.120184837348596
20.996219908531288 1.0185357812240734
20.99630390869912 3.3871266696279116
20.99638790886695 7.759810493958957
20.996471909034785 8.210560376202753
20.996555909202616 6.9124328993122965
20.99663990937045 6.995894266812949
20.996723909538282 4.072874836545017
20.996807909706114 5.805716060367902
20.99689190987395 3.8318075580448316
20.99697591004178 8.347560866310538
20.99705991020961 4.237209186153725
20.997143910377446 8.42784527377359
20.997227910545277 8.626011757721585
20.99731191071311 0.08169209865588162
20.997395910880943 7.8018722368937405
20.997479911048774 5.135813965268842
20.997563911216606 3.195516229985081
20.99764791138444 5.440943920103268
20.997731911552272 7.110268177272748
20.997815911720103 6.764975744516506
20.997899911887938 0.9007658878597083
20.99798391205577 9.09199706886945
20.9980679122236 8.39188041357188
20.998151912391435 9.18840023913826
20.998235912559267 1.1150571179487474
20.998319912727098 6.2341367172611415
20.998403912894933 8.95707877435796
20.998487913062764 2.809037146257622
20.998571913230595 8.189460665895538
20.99865591339843 2.777519108033813
20.99873991356626 4.844123820977732
20.998823913734093 8.362215782605425
20.998907913901927 4.1384377768329355
20.99899191406976 0.8750834148600295
20.999075914237594 8.867492659760925
20.999159914405425 2.956366654472101
20.999243914573256 2.0923686187461086
20.99932791474109 3.036587106874118
20.999411914908922 8.222770372595969
20.999495915076754 3.0426779779395137
20.99957991524459 2.9951666060522495
20.99966391541242 3.772829734366698
20.99974791558025 3.727556632380672
20.999831915748086 5.93728527755442
20.999915915915917 4.0981926800308885
20.99999991608375 4.485559864923203
21.000083916251583 9.102524777828485
21.000167916419414 5.8584716305684434
21.000251916587246 5.213369225370907
21.00033591675508 9.628144122295202
21.00041991692291 10.011457755303095
21.000503917090743 3.936868276871417
21.000587917258578 7.924123169581893
21.00067191742641 6.144649615133144
21.00075591759424 3.821035078599653
21.000839917762075 9.752124087739787
21.000923917929907 12.054254916760211
21.001007918097738 4.038576979241831
21.001091918265573 11.895340152487563
21.001175918433404 11.782192861481875
21.00125991860124 9.916976822724433
21.00134391876907 10.021567053031312
21.0014279189369 15.24533244781212
21.001511919104736 16.020784891169242
21.001595919272567 17.721229243545178
21.0016799194404 12.934362255219543
21.001763919608234 18.067703752087855
21.001847919776065 13.680238713741305
21.001931919943896 16.719035193095582
21.00201592011173 26.40701817733096
21.002099920279562 22.275847939451833
21.002183920447393 26.08671655584564
21.00226792061523 25.021020832598023
21.00235192078306 31.917705384176372
21.00243592095089 35.285238017511595
21.002519921118726 43.28977622396922
21.002603921286557 46.82836763272642
21.00268792145439 50.04902172869544
21.002771921622223 55.4029197201088
21.002855921790054 60.7790260755925
21.002939921957886 65.98477699329504
21.00302392212572 75.88030469544724
21.00310792229355 75.7089117584028
21.003191922461383 82.89036331855054
21.003275922629218 91.08657123930999
21.00335992279705 102.00606932503399
21.00344392296488 111.36349312581976
21.003527923132715 120.80277566829841
21.003611923300546 131.50625882640807
21.00369592346838 149.00505033865028
21.003779923636213 158.30539840389906
21.003863923804044 180.24405887982485
21.00394792397188 190.187171055208
21.00403192413971 207.8071830342348
21.00411592430754 225.42281672362435
21.004199924475376 247.0685251500046
21.004283924643207 261.6198880549705
21.00436792481104 284.88234576599456
21.004451924978873 305.2627284289291
21.004535925146705 328.6269772357634
21.004619925314536 357.37392676174295
21.00470392548237 381.10299627881915
21.004787925650202 412.059537882878
21.004871925818033 434.6395870727792
21.00495592598587 468.05904477463423
21.0050399261537 495.4199589598742
21.00512392632153 532.6103596368229
21.005207926489366 558.8545959993783
21.005291926657197 599.3362973720576
21.005375926825028 627.4190084647637
21.005459926992863 671.883809513586
21.005543927160694 708.5152114524594
21.005627927328526 747.8434077392915
21.00571192749636 780.7828184735549
21.00579592766419 825.3628944060875
21.005879927832027 863.7409550185979
21.005963927999858 908.9047175568833
21.00604792816769 949.8544115310773
21.006131928335524 990.1505393907934
21.006215928503355 1038.0565448872248
21.006299928671186 1073.8697281691673
21.00638392883902 1117.6896878854989
21.006467929006853 1165.3596618782835
21.006551929174684 1206.804763299956
21.00663592934252 1251.2887602399835
21.00671992951035 1285.3893980770047
21.00680392967818 1332.8542246019258
21.006887929846016 1370.0946950179275
21.006971930013847 1404.7658545043764
21.00705593018168 1448.2858968758271
21.007139930349513 1480.6788795085233
21.007223930517345 1517.2528822080214
21.007307930685176 1547.7800077002837
21.00739193085301 1583.2717359550213
21.007475931020842 1608.880885318505
21.007559931188673 1636.1399522688585
21.007643931356508 1665.6161518309468
21.00772793152434 1687.8048191655787
21.00781193169217 1705.7628935030896
21.007895931860006 1730.330352431178
21.007979932027837 1740.1500400286536
21.008063932195668 1753.1218384412064
21.008147932363503 1761.1237286289168
21.008231932531334 1769.9449389853528
21.00831593269917 1779.1182893118846
21.008399932867 1775.4621760557081
21.00848393303483 1778.14044571787
21.008567933202666 1774.910751980902
21.008651933370498 1761.7818715044743
21.00873593353833 1759.3798583322475
21.008819933706164 1745.0584252445767
21.008903933873995 1725.6788746568543
21.008987934041826 1714.0825646253497
21.00907193420966 1693.2586754335814
21.009155934377493 1669.8148768502144
21.009239934545324 1646.47501035274
21.00932393471316 1611.6169597799656
21.00940793488099 1587.0840714373378
21.00949193504882 1558.5726583365717
21.009575935216656 1520.1733795372522
21.009659935384487 1489.1144914341705
21.00974393555232 1453.8605979961378
21.009827935720153 1411.941540505675
21.009911935887985 1379.5283801809105
21.009995936055816 1335.0569794642126
21.01007993622365 1292.0788899725749
21.010163936391482 1257.7465946427076
21.010247936559313 1216.0460523945553
21.010331936727148 1170.0324788043238
21.01041593689498 1125.8630798152246
21.01049993706281 1080.0210748957527
21.010583937230646 1044.1965065376107
21.010667937398477 1000.5925140519781
21.01075193756631 952.6868143410339
21.010835937734143 909.2975546911947
21.010919937901974 870.2432720533793
21.01100393806981 826.6353516909581
21.01108793823764 786.4796079285114
21.01117193840547 748.5230848509387
21.011255938573306 708.5893200819424
21.011339938741138 677.461717287915
21.01142393890897 636.2536980347909
21.011507939076804 601.76937619247
21.011591939244635 562.5453560794556
21.011675939412466 532.5837295373939
21.0117599395803 499.7302176294706
21.011843939748132 469.1344996639552
21.011927939915964 437.70629455260803
21.0120119400838 409.09829400803665
21.01209594025163 385.97122103753804
21.01217994041946 356.5584798920798
21.012263940587296 333.6520187274087
21.012347940755127 311.7880825021882
21.01243194092296 285.3146036190721
21.012515941090793 266.04521960335416
21.012599941258625 246.65516616748695
21.012683941426456 229.01153054439524
21.01276794159429 212.93851749993667
21.012851941762122 196.95379392348042
21.012935941929957 178.27205372909052
21.013019942097788 167.82200087906773
21.01310394226562 151.95455700662816
21.013187942433454 139.71208911098205
21.013271942601286 126.29322151801172
21.013355942769117 112.56716843696755
21.01343994293695 105.34640165216814
21.013523943104783 98.85592622401299
21.013607943272614 87.81591594675999
21.01369194344045 76.57227866756817
21.01377594360828 75.49420903814803
21.01385994377611 66.02406116881129
21.013943943943946 59.12234740662755
21.014027944111778 58.360268227557334
21.01411194427961 49.28454371011173
21.014195944447444 48.6164984220499
21.014279944615275 36.69403638442116
21.014363944783106 41.04463786912522
21.01444794495094 32.51216278613941
21.014531945118772 31.42210885226828
21.014615945286604 28.401368276468837
21.01469994545444 25.78144148630561
21.01478394562227 18.55020474364447
21.0148679457901 15.790090186424239
21.014951945957936 14.04625592088599
21.015035946125767 16.558534325767027
21.0151199462936 19.51189478547538
21.015203946461433 17.371810602884445
21.015287946629265 13.934867472930241
21.0153719467971 10.94203612036252
21.01545594696493 8.977351399040234
21.015539947132762 13.764564719806433
21.015623947300597 13.387383667676723
21.015707947468428 6.90062283669629
21.01579194763626 7.103875130749491
21.015875947804094 12.275780697451175
21.015959947971925 10.63499215064757
21.016043948139757 10.761158741201255
21.01612794830759 2.112685260231679
21.016211948475423 5.710866595992314
21.016295948643254 4.613221849509708
21.01637994881109 3.7897943498799282
21.01646394897892 6.430479621264188
21.01654794914675 8.562693690345931
21.016631949314586 9.865150356138955
21.016715949482418 6.745972849446737
21.01679994965025 9.700088538271006
21.016883949818084 8.334116733948619
21.016967949985915 0.5140261169781423
21.017051950153746 4.309593970596463
21.01713595032158 1.8886376662248439
21.017219950489412 1.1179234373231215
21.017303950657244 3.3209462774600036
21.01738795082508 6.7738969369276845
21.01747195099291 8.058949542673686
21.017555951160745 9.412573706330146
21.017639951328576 8.856403459911341
21.017723951496407 0.9501843702760701
21.017807951664242 3.9824619372360943
21.017891951832073 3.430437693437665
21.017975951999905 6.352909556709351
21.01805995216774 8.290588433282611
21.01814395233557 8.07641727896636
21.018227952503402 0.8148379346604011
21.018311952671237 8.95234717857962
21.018395952839068 7.42623140891348
21.0184799530069 7.448256574847849
21.018563953174734 2.3225889501120647
21.018647953342565 7.2138829944249645
21.018731953510397 2.163976138283715
21.01881595367823 1.770178605980838
21.018899953846063 1.8055298824363981
21.018983954013894 5.6235040451636245
21.01906795418173 2.657311947222479
21.01915195434956 6.349768962699865
21.01923595451739 0.25604673726767657
21.019319954685226 2.9946955042001915
21.019403954853058 9.14015678349096
21.01948795502089 8.233775963975214
21.019571955188724 2.50439854170955
21.019655955356555 2.883202165002387
21.019739955524386 6.421360003781999
21.01982395569222 3.245122896044153
21.019907955860052 9.298196442854644
21.019991956027887 9.200214381176437
21.02007595619572 8.41471641177192
21.02015995636355 0.14963845364307776
21.020243956531385 1.3593932074411483
21.020327956699216 3.5522040777044053
21.020411956867047 2.7056207638988234
21.020495957034882 6.881026683142588
21.020579957202713 8.974154495521372
21.020663957370544 1.1141719755355202
21.02074795753838 0.3215050211387423
21.02083195770621 1.2316974904435565
21.020915957874042 5.861487289917745
21.020999958041877 5.589986778983484
21.021083958209708 8.214354717016118
21.02116795837754 7.206122724477705
21.021251958545374 0.5930422216929768
21.021335958713205 7.5694892199921675
21.021419958881037 1.9558741180657764
21.02150395904887 1.9222736933911637
21.021587959216703 8.545899806961932
21.021671959384534 6.845965353192995
21.02175595955237 3.111590583766522
21.0218399597202 3.6688418033570787
21.02192395988803 7.833705882619525
21.022007960055866 3.30574839676977
21.022091960223698 9.283002351652906
21.02217596039153 6.76634406442237
21.022259960559364 4.372136507549531
21.022343960727195 4.826066367328638
21.02242796089503 4.292277894920651
21.02251196106286 1.1324670071206884
21.022595961230692 1.3900491825601904
21.022679961398527 3.2974792256316547
21.02276396156636 6.1619908389392
21.02284796173419 6.169077157814109
21.022931961902025 1.8978981653581448
21.023015962069856 5.563774015484218
21.023099962237687 4.009984301557063
21.023183962405522 8.55099465656257
21.023267962573353 2.9399388718274135
21.023351962741184 7.410806251152687
21.02343596290902 4.712745693710506
21.02351996307685 1.4248779908228788
21.023603963244682 8.731677335932817
21.023687963412517 6.8183701887934
21.023771963580348 3.83238448445305
21.02385596374818 6.266744294378342
21.023939963916014 8.852758061860882
21.024023964083845 5.008964600299216
21.024107964251677 1.1950758379568829
21.02419196441951 0.7295095406698633
21.024275964587343 0.9508328465913656
21.024359964755174 7.026612311262921
21.02444396492301 2.912891925436436
21.02452796509084 7.448660847504058
21.024611965258675 2.227882866383167
21.024695965426506 8.005436491119548
21.024779965594337 8.761409619123876
21.024863965762172 1.9778883291042757
21.024947965930004 6.606338356658459
21.025031966097835 0.25309810735755933
21.02511596626567 9.321131599004017
21.0251999664335 4.764039233747772
21.025283966601332 7.621937313683979
21.025367966769167 2.617919658408223
21.025451966937 8.43028436799435
21.02553596710483 5.1522832180464455
21.025619967272664 9.073202685146173
21.025703967440496 6.508486624163602
21.025787967608327 5.796685880633019
21.025871967776162 8.826515817085527
21.025955967943993 5.4383376054125065
21.026039968111824 2.346870124297292
21.02612396827966 4.971247716193332
21.02620796844749 3.864552367735544
21.026291968615322 8.497797100808166
21.026375968783157 8.912443216320298
21.026459968950988 2.2464005012379107
21.02654396911882 2.9133796152468805
21.026627969286654 1.1611681467778863
21.026711969454485 5.8373594510336755
21.026795969622317 8.718727637654972
21.02687996979015 5.773853487621899
21.026963969957983 8.509232216370812
21.027047970125817 2.980919950144572
21.02713197029365 6.891093412157293
21.02721597046148 0.4791726691424243
21.027299970629315 8.416502447737775
21.027383970797146 4.622386049322449
21.027467970964977 6.692874132868396
21.027551971132812 3.018401410585463
21.027635971300644 0.9258442649378525
21.027719971468475 1.9924326032088355
21.02780397163631 5.708518493272975
21.02788797180414 0.6758810852916676
21.027971971971972 1.6830913064903825
21.028055972139807 5.5252278965078805
21.02813997230764 0.30307359677635615
21.02822397247547 4.674895183078648
21.028307972643304 3.622440432328367
21.028391972811136 4.900536114207133
21.028475972978967 4.026863507708349
21.028559973146802 4.505430306857541
21.028643973314633 6.472275552838502
21.028727973482464 0.9349552863532079
21.0288119736503 8.484629773415215
21.02889597381813 1.1692449127906088
21.02897997398596 7.298749102552112
21.029063974153797 3.2031986727412822
21.029147974321628 1.0999056160620282
21.029231974489463 3.2669037045120883
21.029315974657294 0.12974397510716063
21.029399974825125 8.892596362159198
21.02948397499296 7.6021088446751515
21.02956797516079 7.900991102358108
21.029651975328623 0.3166458510403525
21.029735975496457 3.5111433986177865
21.02981997566429 8.150729642649798
21.02990397583212 1.5933179512818285
21.029987975999955 2.261181268487987
21.030071976167786 8.347225066173676
21.030155976335617 6.053729896144534
21.030239976503452 6.9140318845650075
21.030323976671284 0.26183444528012534
21.030407976839115 6.954594707589179
21.03049197700695 5.855892574098209
21.03057597717478 2.4835811557484706
21.030659977342612 6.701073580774037
21.030743977510447 3.2154956450273455
21.03082797767828 8.560418783503197
21.03091197784611 9.159077658894022
21.030995978013944 7.051192643536339
21.031079978181776 9.114778214196539
21.031163978349607 3.211893001806815
21.03124797851744 0.5031813197454041
21.031331978685273 4.901057918267909
21.031415978853104 2.5636275346474555
21.03149997902094 4.631224364030294
21.03158397918877 0.5133162459098936
21.031667979356605 0.07300462732823922
21.031751979524437 6.298678503573621
21.031835979692268 1.0394623743509857
21.031919979860103 6.094222854321718
21.032003980027934 0.6621978674728148
21.032087980195765 8.037750264863995
21.0321719803636 2.29740131762512
21.03225598053143 8.033320750250715
21.032339980699263 8.86429275012343
21.032423980867097 0.04755608665325182
21.03250798103493 5.654205860706888
21.03259198120276 3.9063725920345336
21.032675981370595 5.21678010461697
21.032759981538426 6.827887998935803
21.032843981706257 7.796800664875906
21.032927981874092 7.410747533806819
21.033011982041923 6.380591491475221
21.033095982209755 8.163488790707131
21.03317998237759 2.3261903915250746
21.03326398254542 4.889014672854862
21.033347982713252 3.00865357355534
21.033431982881087 5.4053066457166015
21.03351598304892 8.066555005977593
21.03359998321675 7.918587885311407
21.033683983384584 0.41322294088163813
21.033767983552416 4.34233082045593
21.033851983720247 2.7198326589052955
21.03393598388808 6.781520833033076
21.034019984055913 5.339437251480471
21.034103984223748 1.1178687155266176
21.03418798439158 7.795975872774905
21.03427198455941 3.981988243482309
21.034355984727245 8.219347007496873
21.034439984895076 0.28133087713198424
21.034523985062908 8.49442167566399
21.034607985230743 6.1682539758249195
21.034691985398574 8.551717310034764
21.034775985566405 3.54017469445314
21.03485998573424 2.932075577399223
21.03494398590207 2.4538775819760277
21.035027986069903 4.237842855016345
21.035111986237737 8.625237887829785
21.03519598640557 5.65107424136318
21.0352799865734 8.361702265162366
21.035363986741235 5.267721873141345
21.035447986909066 2.9011054691010267
21.035531987076897 8.177309920610163
21.035615987244732 0.5049408283323489
21.035699987412563 3.0950006159261876
21.035783987580395 7.56365597268254
21.03586798774823 6.022144652798094
21.03595198791606 8.628373534372214
21.036035988083892 4.304264701226227
21.036119988251727 4.222328094325001
21.036203988419558 4.442977787891793
21.036287988587393 6.8398747023398885
21.036371988755224 6.808303275561667
21.036455988923056 0.4935402472345298
21.03653998909089 1.5329378448195838
21.03662398925872 5.8098840710448325
21.036707989426553 3.5334308484517725
21.036791989594388 1.6901287492086923
21.03687598976222 8.368295901409564
21.03695998993005 0.8354481376301749
21.037043990097885 2.7313031224962003
21.037127990265716 1.7786366207448845
21.037211990433548 7.658514171370173
21.037295990601383 2.6033244316658624
21.037379990769214 5.065669454329652
21.037463990937045 8.63557182625328
21.03754799110488 0.2345190548971766
21.03763199127271 7.774014337653668
21.037715991440542 4.8990332517927815
21.037799991608377 6.341772969326146
21.03788399177621 9.172169526664945
21.03796799194404 0.06583029724448451
21.038051992111875 1.6935530185173562
21.038135992279706 7.182714200668481
21.038219992447537 7.6628005234256795
21.038303992615372 6.973455452460122
21.038387992783203 3.385100244275124
21.038471992951035 5.053796149360791
21.03855599311887 5.595781356709677
21.0386399932867 2.409283416078999
21.038723993454536 4.1169796375503855
21.038807993622367 6.509099137984485
21.038891993790198 6.720950888752396
21.038975993958033 2.081167717078072
21.039059994125864 2.906818354598886
21.039143994293696 3.6238036309198947
21.03922799446153 0.39243959021136865
21.03931199462936 4.8480591214850834
21.039395994797193 9.080435171629048
21.039479994965028 0.6684367154932301
21.03956399513286 9.301815919209654
21.03964799530069 4.272593515712276
21.039731995468525 0.0818445470204538
21.039815995636356 5.1193833806437885
21.039899995804188 0.4510257867056857
21.039983995972023 4.871094233379941
21.040067996139854 5.721481337814726
21.040151996307685 8.63224488645802
21.04023599647552 7.969318722302825
21.04031999664335 9.089497229627943
21.040403996811182 6.910521249484068
21.040487996979017 6.864707292505048
21.04057199714685 2.516378948348012
21.04065599731468 4.742509341302115
21.040739997482515 3.01057526246523
21.040823997650346 2.7573506559284118
21.04090799781818 2.830063692796688
21.040991997986012 6.457783556456714
21.041075998153843 4.5611256218608816
21.041159998321678 5.137723611319486
21.04124399848951 6.854221760139077
21.04132799865734 1.515113480232545
21.041411998825176 1.6318504630180883
21.041495998993007 3.5239518226663886
21.041579999160838 0.7620985391567208
21.041663999328673 6.671183400560533
21.041747999496504 5.701264924955942
21.041831999664335 0.5631602857063978
21.04191599983217 1.5076128683795813
21.042 2.696342316950222
