"wavelngth (cm)" brightness
20.95808383233533 9.224245395799763
20.95816783250316 1.0635276591552418
20.958251832670996 4.2405448028521775
20.958335832838827 6.482268232506011
20.95841983300666 5.212591237950354
20.958503833174493 7.918611259635546
20.958587833342325 7.744494723131224
20.958671833510156 4.245789284313722
20.95875583367799 4.147828301604141
20.958839833845822 0.015055665036974416
20.958923834013653 9.000439703669834
20.959007834181488 2.4178813028529875
20.95909183434932 9.994542886114074
20.95917583451715 10.301398889863547
20.959259834684985 5.453418885421387
20.959343834852817 2.7964813244912943
20.95942783502065 7.351704145571013
20.959511835188483 9.006013970903494
20.959595835356314 9.037886156064694
20.95967983552415 10.097691025601623
20.95976383569198 7.818657748598733
20.95984783585981 1.9873205008827592
20.959931836027646 4.207789107076412
20.960015836195478 0.20832559270749526
20.96009983636331 3.246809879581114
20.960183836531144 9.870254190581859
20.960267836698975 7.967031775297398
20.960351836866806 4.872600003872551
20.96043583703464 5.466557841594617
20.960519837202472 3.0274941864969787
20.960603837370304 9.661560524813217
20.96068783753814 0.8532057087022917
20.96077183770597 2.474872087732464
20.9608558378738 0.8278666772789681
20.960939838041636 3.487031795309858
20.961023838209467 5.886752779316832
20.9611078383773 2.0978902772557224
20.961191838545133 6.577809903502289
20.961275838712965 7.8104983577173055
20.961359838880796 4.430665611281487
20.96144383904863 0.8075945418296808
20.961527839216462 5.77893976090057
20.961611839384297 8.907541396327142
20.961695839552128 9.637267756841233
20.96177983971996 9.306619525161574
20.961863839887794 0.5769161819667589
20.961947840055625 3.0542912108479885
20.962031840223457 3.02255772412076
20.96211584039129 6.486430760214117
20.962199840559123 9.422940131286914
20.962283840726954 5.054315842320797
20.96236784089479 10.123848963494265
20.96245184106262 0.9429207531085225
20.96253584123045 4.019129352354453
20.962619841398286 8.792378197033745
20.962703841566118 5.12528930948334
20.96278784173395 2.2860182413325267
20.962871841901784 7.903416024935727
20.962955842069615 1.7215023594983827
20.963039842237446 8.40050031058551
20.96312384240528 4.305565537564694
20.963207842573112 4.668087025512225
20.963291842740944 0.02453876375063758
20.96337584290878 6.136200337585653
20.96345984307661 4.581703210998282
20.96354384324444 0.8066488101047907
20.963627843412276 5.343289396885913
20.963711843580107 2.7202201666658223
20.96379584374794 0.5560054547659706
20.963879843915773 1.7884744795139402
20.963963844083604 0.838696022304418
20.96404784425144 3.5214820600700327
20.96413184441927 2.0316520896547474
20.964215844587102 6.108097528880286
20.964299844754937 0.5298893582285918
20.964383844922768 1.0475123308943681
20.9644678450906 6.417765154325159
20.964551845258434 2.9615708156371
20.964635845426265 4.913685768711975
20.964719845594097 5.798301004196613
20.96480384576193 9.422139145200044
20.964887845929763 6.3691544532932625
20.964971846097594 9.321780512291662
20.96505584626543 10.316110471653474
20.96513984643326 7.094032620196951
20.96522384660109 2.0072876410756795
20.965307846768926 8.125062546039826
20.965391846936758 2.8540812674720226
20.96547584710459 5.147669152262501
20.965559847272424 3.1903806081516426
20.965643847440255 4.586014508777175
20.965727847608086 1.430730156749119
20.96581184777592 5.06960310251262
20.965895847943752 8.039673591850065
20.965979848111584 1.3228703782705442
20.96606384827942 6.992914849975889
20.96614784844725 1.2621300684740753
20.96623184861508 5.677271690300287
20.966315848782916 8.764573173802727
20.966399848950747 8.689111954324302
20.966483849118582 9.48435094145478
20.966567849286413 0.6189348919931863
20.966651849454244 9.56705776205004
20.96673584962208 3.299884905850895
20.96681984978991 8.341097596088002
20.966903849957742 9.495230288026159
20.966987850125577 3.8599787407271786
20.967071850293408 5.802705350026114
20.96715585046124 9.829841909262573
20.967239850629074 6.652466365374274
20.967323850796905 9.957385003590428
20.967407850964737 1.5936038869802194
20.96749185113257 5.672943784695005
20.967575851300403 10.249416814130178
20.967659851468234 3.769093075033092
20.96774385163607 9.46153115306767
20.9678278518039 8.369398077753338
20.96791185197173 5.986531688007332
20.967995852139566 1.8817024929978836
20.968079852307397 6.322889987151043
20.96816385247523 6.796270590788234
20.968247852643064 6.723620632679127
20.968331852810895 2.780127432303232
20.968415852978726 4.113295815851393
20.96849985314656 4.398884490984294
20.968583853314392 4.416522649133092
20.968667853482227 4.161129008696354
20.96875185365006 5.220237234034792
20.96883585381789 8.07092004579546
20.968919853985724 3.9736076830460116
20.969003854153556 8.142605768264243
20.969087854321387 0.10866974429026838
20.969171854489222 3.359452498699593
20.969255854657053 6.7692211686348855
20.969339854824884 6.564962874285215
20.96942385499272 0.17357413193115073
20.96950785516055 7.00629989397405
20.96959185532838 6.534713749417002
20.969675855496217 0.4910210692222679
20.969759855664048 0.6405584313840613
20.96984385583188 9.240711756916477
20.969927855999714 8.587527430282352
20.970011856167545 4.078018385176919
20.970095856335377 0.9771309128796115
20.97017985650321 8.071752942791171
20.970263856671043 7.09488617374611
20.970347856838874 7.337788031758189
20.97043185700671 2.6026134489812285
20.97051585717454 9.62345680735254
20.97059985734237 2.013556945839034
20.970683857510206 3.7857214892701494
20.970767857678037 8.308820690613501
20.97085185784587 8.273248386394997
20.970935858013704 3.6729362874736013
20.971019858181535 5.528906678162475
20.97110385834937 1.0749765758770773
20.9711878585172 6.717988563240169
20.971271858685032 1.0762183241726895
20.971355858852867 4.1152394853181695
20.9714398590207 9.467897911751674
20.97152385918853 9.54405239762829
20.971607859356364 7.987330111502396
20.971691859524196 4.002601311605247
20.971775859692027 7.881644368936467
20.971859859859862 6.585985497258144
20.971943860027693 2.3850573159505166
20.972027860195524 8.906007860121296
20.97211186036336 8.912930830482033
20.97219586053119 5.541478972185054
20.97227986069902 4.100442636119051
20.972363860866857 3.7424845152831634
20.972447861034688 7.7885431700606365
20.97253186120252 4.144989250805963
20.972615861370354 4.23783218625332
20.972699861538185 6.970295500833551
20.972783861706016 8.434580727918028
20.97286786187385 7.972071296347316
20.972951862041683 4.236790913085525
20.973035862209514 4.639113572850924
20.97311986237735 4.63043258058907
20.97320386254518 10.150430387739938
20.973287862713015 1.732716277619286
20.973371862880846 0.7673250748615118
20.973455863048677 3.038997841290418
20.973539863216512 6.874577394080641
20.973623863384343 8.97450201286619
20.973707863552175 3.2369199919009386
20.97379186372001 9.609550624335785
20.97387586388784 4.207755932679984
20.973959864055672 4.26123773289066
20.974043864223507 7.951836081318197
20.97412786439134 4.4063253228235855
20.97421186455917 8.823368648299962
20.974295864727004 1.7160134534437521
20.974379864894836 7.788926663000455
20.974463865062667 2.230523990941608
20.9745478652305 7.133089547075851
20.974631865398333 1.8710855762176801
20.974715865566164 0.6479451361122047
20.974799865734 4.926174681953129
20.97488386590183 2.051855073157995
20.97496786606966 3.7264242373699354
20.975051866237497 3.304442078817027
20.975135866405328 7.5776401225076855
20.97521986657316 9.086837671670859
20.975303866740994 5.283477201894507
20.975387866908825 6.137393698981922
20.975471867076656 1.234990066693242
20.97555586724449 0.021656710602012
20.975639867412323 5.2071683531793
20.975723867580157 4.503590073528675
20.97580786774799 7.943884740865063
20.97589186791582 2.3604622015689993
20.975975868083655 1.9476748666895773
20.976059868251486 6.239364622123459
20.976143868419317 2.8486074130290304
20.976227868587152 6.643719546243615
20.976311868754983 4.457176070550359
20.976395868922815 10.31071919043491
20.97647986909065 10.129864924876522
20.97656386925848 4.05768680761216
20.976647869426312 6.872285898997117
20.976731869594147 0.22218655859590694
20.976815869761978 2.997899991337005
20.97689986992981 3.520903097694225
20.976983870097644 0.7401686651924578
20.977067870265476 5.545137183393621
20.977151870433307 6.170865940072825
20.97723587060114 1.8033867828912133
20.977319870768973 6.827901709416211
20.977403870936804 7.353757684411123
20.97748787110464 2.630186491468741
20.97757187127247 6.293222734572351
20.9776558714403 6.359259123171005
20.977739871608136 5.383168088267095
20.977823871775968 10.013713492264209
20.977907871943803 4.930014480371024
20.977991872111634 2.533416736749478
20.978075872279465 7.968474713485618
20.9781598724473 3.2941632737468503
20.97824387261513 7.802423536249994
20.978327872782963 6.294719095307427
20.978411872950797 9.485816571718983
20.97849587311863 3.7205872347177356
20.97857987328646 7.938483507408443
20.978663873454295 4.545819659256351
20.978747873622126 2.7145405728683936
20.978831873789957 9.632729047907482
20.978915873957792 3.524328152639984
20.978999874125623 6.347259415124408
20.979083874293455 9.786544745906616
20.97916787446129 6.419097739148147
20.97925187462912 1.2676981709044646
20.979335874796952 3.912888492772989
20.979419874964787 2.4260290885218008
20.979503875132618 5.281326526036229
20.97958787530045 7.717382178562059
20.979671875468284 8.346225110738569
20.979755875636116 9.56453206270554
20.979839875803947 3.6340408438563303
20.97992387597178 3.0093129602833146
20.980007876139613 9.118155616729709
20.980091876307444 3.0940892392776607
20.98017587647528 6.631375637939149
20.98025987664311 9.672798852789008
20.980343876810945 6.182634140620731
20.980427876978776 1.4404279219894638
20.980511877146608 7.354452933913289
20.980595877314443 7.209654233768216
20.980679877482274 1.5271735034447156
20.980763877650105 1.2020305945418381
20.98084787781794 5.289427401149333
20.98093187798577 5.356194847964288
20.981015878153602 3.1256914869016517
20.981099878321437 5.130308033213817
20.98118387848927 3.597954861388339
20.9812678786571 0.6254248643004384
20.981351878824935 1.3708166501151335
20.981435878992766 3.3520330642606955
20.981519879160597 7.086891178404165
20.981603879328432 4.369647566227979
20.981687879496263 0.7676236217911285
20.981771879664095 3.207866187105478
20.98185587983193 4.840562450667319
20.98193987999976 6.6945902016444485
20.982023880167592 2.1030201487001126
20.982107880335427 1.617354842874424
20.982191880503258 6.15980754431538
20.98227588067109 2.6401989900354152
20.982359880838924 7.2078041060001805
20.982443881006756 9.521493439974483
20.982527881174587 3.523483970507774
20.98261188134242 3.4052697927447353
20.982695881510253 1.0107489907139342
20.982779881678088 7.066843241495161
20.98286388184592 2.963846776566293
20.98294788201375 8.524732010263087
20.983031882181585 0.8131418678170879
20.983115882349416 4.341644249822737
20.983199882517248 1.6148839146073484
20.983283882685082 9.655103530515333
20.983367882852914 8.051452075456938
20.983451883020745 5.8397785982920265
20.98353588318858 4.177582555971117
20.98361988335641 6.812897159770803
20.983703883524242 7.930593358839437
20.983787883692077 5.584181278190751
20.98387188385991 6.568555949159127
20.98395588402774 3.195712212241313
20.984039884195575 9.272301532079455
20.984123884363406 4.660175660799327
20.984207884531237 0.4620280824768736
20.984291884699072 6.988488721240428
20.984375884866903 8.06783711017161
20.984459885034735 0.8261993314451208
20.98454388520257 5.9732216702442456
20.9846278853704 10.302534310726482
20.984711885538232 3.3484585788134495
20.984795885706067 5.105160910675283
20.984879885873898 9.568579456073412
20.984963886041733 6.382580317109383
20.985047886209564 1.18656152409848
20.985131886377395 8.249935314409335
20.98521588654523 4.919152070982834
20.98529988671306 5.874142107233348
20.985383886880893 8.681165690391667
20.985467887048728 6.055091154416951
20.98555188721656 1.9367549680920626
20.98563588738439 5.157703005068609
20.985719887552225 2.889831251632442
20.985803887720056 8.55678734672574
20.985887887887888 2.432469554762266
20.985971888055722 5.638046887830648
20.986055888223554 8.38902850269692
20.986139888391385 3.9254001002710406
20.98622388855922 5.079128158301383
20.98630788872705 5.37295881762993
20.986391888894882 5.74234545165536
20.986475889062717 8.122274089033132
20.98655988923055 4.069452273972372
20.98664388939838 6.966010944980909
20.986727889566215 7.759064815732402
20.986811889734046 9.0224671690576
20.986895889901877 5.647977254053284
20.986979890069712 9.234890406874197
20.987063890237543 8.459797417136055
20.987147890405375 6.018605592808285
20.98723189057321 6.3532913787739815
20.98731589074104 9.013391167333996
20.987399890908875 3.2166068710809106
20.987483891076707 7.256846029325199
20.987567891244538 5.365306185613153
20.987651891412373 6.5187873484456125
20.987735891580204 8.164371427506257
20.987819891748035 6.817385985929265
20.98790389191587 6.798543143198586
20.9879878920837 6.63890920966647
20.988071892251533 4.498418199466068
20.988155892419368 8.763828179230266
20.9882398925872 3.1675594567979437
20.98832389275503 4.881289073285884
20.988407892922865 6.4085988994854155
20.988491893090696 7.976991684331786
20.988575893258528 3.8265415240247083
20.988659893426362 7.473524073154198
20.988743893594194 6.30301443993102
20.988827893762025 2.039619352866786
20.98891189392986 7.716349448910062
20.98899589409769 3.6470286602179947
20.989079894265522 5.741978414004102
20.989163894433357 4.245337740797058
20.98924789460119 2.5153606330451916
20.98933189476902 8.810021869256534
20.989415894936855 8.502963324111313
20.989499895104686 3.5577620133319194
20.98958389527252 4.259910850449465
20.989667895440352 9.184196154874002
20.989751895608183 0.34038392937925305
20.989835895776018 2.034865545418884
20.98991989594385 2.5984614670692365
20.99000389611168 2.6068230257521807
20.990087896279515 8.210187640219784
20.990171896447347 1.1928952693561088
20.990255896615178 7.789646537919287
20.990339896783013 2.7911092504686223
20.990423896950844 5.514821748522874
20.990507897118675 8.036423817994462
20.99059189728651 1.8708616003071439
20.99067589745434 7.429378459559023
20.990759897622173 9.119384384196042
20.990843897790008 5.515440990170479
20.99092789795784 4.177124061680132
20.99101189812567 2.4745898426047472
20.991095898293505 4.942022985501095
20.991179898461336 7.678389903667859
20.991263898629168 3.064242724687152
20.991347898797002 2.069871587204556
20.991431898964834 10.372314951279282
20.991515899132665 6.79307019750548
20.9915998993005 7.837325613287013
20.99168389946833 3.7788448578183815
20.991767899636162 8.948429135276887
20.991851899803997 8.191045665163946
20.99193589997183 2.1585984219819463
20.992019900139663 8.56426256346884
20.992103900307495 0.6247190380451834
20.992187900475326 8.88738624159573
20.99227190064316 2.4120444614162517
20.992355900810992 9.830468851694869
20.992439900978823 8.451760966707946
20.992523901146658 9.655384176765534
20.99260790131449 1.0684773079229546
20.99269190148232 1.4944577875649714
20.992775901650155 5.232626856271668
20.992859901817987 7.866912656833381
20.992943901985818 2.8252126093127714
20.993027902153653 4.5389610528033195
20.993111902321484 7.24893809165696
20.993195902489315 8.367337386072364
20.99327990265715 3.839891554517298
20.99336390282498 5.39386907968118
20.993447902992813 8.155825261976112
20.993531903160648 9.534610073965952
20.99361590332848 2.317676949792969
20.99369990349631 8.376669346460835
20.993783903664145 10.28033925392261
20.993867903831976 9.016825349710416
20.993951903999807 4.8794675291574325
20.994035904167642 6.488710624797401
20.994119904335474 1.511210399924956
20.994203904503305 6.680078899439741
20.99428790467114 2.7923773761829853
20.99437190483897 3.585727978151619
20.994455905006806 3.966275395550435
20.994539905174637 7.979941729384127
20.99462390534247 2.9623615502751353
20.994707905510303 0.8177115080278182
20.994791905678134 8.525871227383835
20.994875905845966 0.38819071729353755
20.9949599060138 5.315627488846136
20.995043906181632 4.587432072612222
20.995127906349463 10.186383039724507
20.995211906517298 9.257683785503726
20.99529590668513 4.290954696450366
20.99537990685296 0.28706496484188315
20.995463907020795 0.8311865527353582
20.995547907188627 7.6219302641744955
20.995631907356458 8.2673368821872
20.995715907524293 8.181437761460232
20.995799907692124 4.447122858865305
20.995883907859955 3.890242922082093
20.99596790802779 0.3243596680984246
20.99605190819562 9.746413485355026
20.996135908363453 6.431995499539544
20.996219908531288 0.5826181757441966
20.99630390869912 0.6802131280380316
20.99638790886695 0.43928090073516646
20.996471909034785 0.040058314176726784
20.996555909202616 10.296210709596705
20.99663990937045 2.9035512434258806
20.996723909538282 6.351021876433292
20.996807909706114 9.695472499115784
20.99689190987395 8.565334262118183
20.99697591004178 1.602372714445289
20.99705991020961 5.630709712635266
20.997143910377446 0.8577723475837149
20.997227910545277 2.2440586526672974
20.99731191071311 7.698360064007854
20.997395910880943 3.7878687586400344
20.997479911048774 6.251308290141902
20.997563911216606 2.8052168436888034
20.99764791138444 10.15821375385194
20.997731911552272 9.803869230362864
20.997815911720103 3.3259826831143897
20.997899911887938 4.997745211184629
20.99798391205577 0.8712943968233672
20.9980679122236 1.2833859802016436
20.998151912391435 5.92706573894345
20.998235912559267 10.204024963323475
20.998319912727098 3.771197200513385
20.998403912894933 9.232854820795813
20.998487913062764 8.447262644052188
20.998571913230595 6.536936739842643
20.99865591339843 8.978303262245369
20.99873991356626 10.296184812912767
20.998823913734093 0.08507686537977373
20.998907913901927 2.800517194596206
20.99899191406976 7.699609602752895
20.999075914237594 0.31960215616641047
20.999159914405425 4.709364823814973
20.999243914573256 5.265925830505569
20.99932791474109 9.40615581835966
20.999411914908922 2.3802013340739414
20.999495915076754 9.748797004871403
20.99957991524459 2.9135070747765432
20.99966391541242 3.7154255159186196
20.99974791558025 6.515305406290978
20.999831915748086 2.064707252281406
20.999915915915917 6.73281934049719
20.99999991608375 4.7744750740111375
21.000083916251583 4.881633552389148
21.000167916419414 5.088494727634736
21.000251916587246 2.4586480211946364
21.00033591675508 4.233437392704962
21.00041991692291 6.181932643551964
21.000503917090743 5.132023236454104
21.000587917258578 4.536655771603916
21.00067191742641 3.2327615935792102
21.00075591759424 7.783844660368184
21.000839917762075 0.552482315880662
21.000923917929907 2.4498780305974974
21.001007918097738 8.123031141672886
21.001091918265573 6.1996168332326045
21.001175918433404 9.029445427157908
21.00125991860124 0.43262590773657733
21.00134391876907 0.21011853440509942
21.0014279189369 3.552432632649596
21.001511919104736 7.599331410403844
21.001595919272567 0.7660742121001038
21.0016799194404 5.029038862226407
21.001763919608234 7.876063307382707
21.001847919776065 2.5422654317084854
21.001931919943896 7.959983406750502
21.00201592011173 3.4058260239500084
21.002099920279562 6.7637780876931535
21.002183920447393 5.65166832064683
21.00226792061523 4.863643641077346
21.00235192078306 8.718001715000169
21.00243592095089 2.335057866432139
21.002519921118726 5.065626860457682
21.002603921286557 10.324217981436368
21.00268792145439 5.866901125869689
21.002771921622223 8.929299965066342
21.002855921790054 3.751260259739928
21.002939921957886 1.7336224148720414
21.00302392212572 3.098785155871507
21.00310792229355 8.384410917831003
21.003191922461383 4.982310686118316
21.003275922629218 10.126047425170551
21.00335992279705 0.29706891079120307
21.00344392296488 8.754473600920035
21.003527923132715 5.998422328819827
21.003611923300546 9.310796287790856
21.00369592346838 6.675409235067
21.003779923636213 7.845372445640607
21.003863923804044 4.2396302411452265
21.00394792397188 4.447459329129823
21.00403192413971 7.026703397126528
21.00411592430754 8.605869763575768
21.004199924475376 7.384795300150429
21.004283924643207 0.675450809610845
21.00436792481104 7.271207694324075
21.004451924978873 2.8509806112684952
21.004535925146705 10.205210028744796
21.004619925314536 7.234606142555731
21.00470392548237 5.120639608701261
21.004787925650202 5.191327178984104
21.004871925818033 2.056088924818971
21.00495592598587 5.1876364383198865
21.0050399261537 5.574072097347718
21.00512392632153 10.181626752713758
21.005207926489366 10.527203955391657
21.005291926657197 10.530454936646374
21.005375926825028 4.966325793420241
21.005459926992863 5.384446292146504
21.005543927160694 5.0823745447041295
21.005627927328526 6.635650226381406
21.00571192749636 4.191307723170529
21.00579592766419 4.846953954111166
21.005879927832027 2.7605878902989547
21.005963927999858 9.243031316398787
21.00604792816769 10.644754698471386
21.006131928335524 3.8902269677602375
21.006215928503355 2.1553075804070345
21.006299928671186 4.816125653016792
21.00638392883902 4.032578022132451
21.006467929006853 10.830732112266972
21.006551929174684 4.07331256872612
21.00663592934252 4.137262150227264
21.00671992951035 12.654946822084312
21.00680392967818 5.702518612955181
21.006887929846016 8.011192690522403
21.006971930013847 10.271280568251049
21.00705593018168 9.606946474075249
21.007139930349513 11.022268580915387
21.007223930517345 12.089668699698176
21.007307930685176 11.547292848812585
21.00739193085301 18.877990739292546
21.007475931020842 14.847438412894501
21.007559931188673 24.972078294870336
21.007643931356508 23.889157637049568
21.00772793152434 24.233100540129694
21.00781193169217 23.562220497761412
21.007895931860006 24.79703585418072
21.007979932027837 26.422933653737033
21.008063932195668 29.031449637688343
21.008147932363503 39.35331346862026
21.008231932531334 39.07900705582645
21.00831593269917 47.06151546635169
21.008399932867 43.76319343267665
21.00848393303483 53.61192557128993
21.008567933202666 53.50419008145836
21.008651933370498 58.22770216059475
21.00873593353833 68.01122709792756
21.008819933706164 79.8987969553405
21.008903933873995 81.31370783082627
21.008987934041826 86.48918630209882
21.00907193420966 100.05190571004064
21.009155934377493 103.36277009495916
21.009239934545324 117.48601795271395
21.00932393471316 128.77131349325538
21.00940793488099 139.53655945205867
21.00949193504882 141.65954945012234
21.009575935216656 158.82735949572842
21.009659935384487 172.33408070891588
21.00974393555232 187.41906275260965
21.009827935720153 199.02830289788102
21.009911935887985 217.61823213041745
21.009995936055816 224.73123840852736
21.01007993622365 243.8205906294366
21.010163936391482 268.74981035173334
21.010247936559313 284.9246867971018
21.010331936727148 298.91463685880245
21.01041593689498 322.35445944838915
21.01049993706281 350.74942814351874
21.010583937230646 371.62960300285727
21.010667937398477 398.5423211453218
21.01075193756631 416.00233725200025
21.010835937734143 449.60005670365206
21.010919937901974 477.50437163172495
21.01100393806981 501.4109132522177
21.01108793823764 528.81188182576
21.01117193840547 558.0918861195137
21.011255938573306 590.3852216609614
21.011339938741138 620.2021451576182
21.01142393890897 660.7562888168136
21.011507939076804 695.6634517709757
21.011591939244635 722.9141893325017
21.011675939412466 760.9487103091615
21.0117599395803 795.4082648560901
21.011843939748132 837.4309975721912
21.011927939915964 872.7379790655882
21.0120119400838 914.5245158876595
21.01209594025163 950.7378868349114
21.01217994041946 995.4174279422607
21.012263940587296 1031.0681598209098
21.012347940755127 1070.93578975426
21.01243194092296 1112.333078654766
21.012515941090793 1152.442895961613
21.012599941258625 1183.2046326331742
21.012683941426456 1224.8435251666945
21.01276794159429 1264.4670077950093
21.012851941762122 1298.5136196990072
21.012935941929957 1338.1495191131771
21.013019942097788 1378.1934123465949
21.01310394226562 1409.5076500996852
21.013187942433454 1450.3698017914774
21.013271942601286 1479.077150226975
21.013355942769117 1517.0677561040434
21.01343994293695 1550.9420920309567
21.013523943104783 1573.5819254294183
21.013607943272614 1606.540816862708
21.01369194344045 1636.6946897228697
21.01377594360828 1662.371141855919
21.01385994377611 1681.0107335316097
21.013943943943946 1699.798168873214
21.014027944111778 1719.4780547389691
21.01411194427961 1743.0625401558434
21.014195944447444 1751.182595587198
21.014279944615275 1764.9370797755835
21.014363944783106 1782.9044383575995
21.01444794495094 1783.7504156346026
21.014531945118772 1792.6700990847382
21.014615945286604 1802.183864016334
21.01469994545444 1796.6956249039451
21.01478394562227 1797.4443760431552
21.0148679457901 1792.644598025133
21.014951945957936 1788.6602531156552
21.015035946125767 1780.1274814649719
21.0151199462936 1767.959013964771
21.015203946461433 1762.1406099843316
21.015287946629265 1747.1763535721263
21.0153719467971 1722.8296900490855
21.01545594696493 1703.8161720003177
21.015539947132762 1682.0484801328064
21.015623947300597 1663.8803596668588
21.015707947468428 1639.2472119021863
21.01579194763626 1610.9931369328922
21.015875947804094 1580.0940946287024
21.015959947971925 1550.472126559159
21.016043948139757 1521.296045672809
21.01612794830759 1488.6293153686827
21.016211948475423 1456.1612445654412
21.016295948643254 1421.8212021184631
21.01637994881109 1385.0245072362113
21.01646394897892 1352.2161595214216
21.01654794914675 1314.6058983978148
21.016631949314586 1275.0272444391844
21.016715949482418 1235.581370175674
21.01679994965025 1194.6269574766081
21.016883949818084 1160.1447074381697
21.016967949985915 1119.41232747064
21.017051950153746 1075.5840284010667
21.01713595032158 1037.9575714516993
21.017219950489412 1001.9344298500193
21.017303950657244 959.8624370741667
21.01738795082508 919.6735804242013
21.01747195099291 881.4575951339709
21.017555951160745 847.8009781172964
21.017639951328576 811.0360089194003
21.017723951496407 768.4959008799339
21.017807951664242 730.9853738301445
21.017891951832073 699.2671675831759
21.017975951999905 661.778210474791
21.01805995216774 631.9084243368031
21.01814395233557 601.8174580129078
21.018227952503402 569.8475568725038
21.018311952671237 540.5792262681614
21.018395952839068 503.850088458391
21.0184799530069 474.41652621902375
21.018563953174734 452.42642112593234
21.018647953342565 428.93884282191016
21.018731953510397 405.16326497580354
21.01881595367823 373.3951192960669
21.018899953846063 347.3034956551029
21.018983954013894 326.3753762542141
21.01906795418173 308.6137672568418
21.01915195434956 287.7655696509484
21.01923595451739 264.879783406842
21.019319954685226 251.04133736296995
21.019403954853058 228.5464243327713
21.01948795502089 220.32347128221036
21.019571955188724 201.05355075454526
21.019655955356555 184.15281503669146
21.019739955524386 176.42352649633526
21.01982395569222 157.51577989509855
21.019907955860052 149.86947615826298
21.019991956027887 139.26990701919277
21.02007595619572 129.6601355582077
21.02015995636355 119.83544649658143
21.020243956531385 103.6650626898289
21.020327956699216 102.83033114345439
21.020411956867047 94.17395836796538
21.020495957034882 78.30710024331721
21.020579957202713 74.82296789251369
21.020663957370544 66.50999740745608
21.02074795753838 62.450028717566816
21.02083195770621 57.71587820890894
21.020915957874042 55.867481474643604
21.020999958041877 47.923598651012774
21.021083958209708 47.07359705181538
21.02116795837754 37.95668573254815
21.021251958545374 34.283021276838504
21.021335958713205 33.80861890011249
21.021419958881037 33.874984711299334
21.02150395904887 30.490258457663952
21.021587959216703 29.862039280631937
21.021671959384534 28.208263332837486
21.02175595955237 22.66752324531984
21.0218399597202 21.99522068369176
21.02192395988803 15.02941082668171
21.022007960055866 14.835411609672622
21.022091960223698 20.156786566080786
21.02217596039153 12.921487441635229
21.022259960559364 12.184253413471936
21.022343960727195 14.32997148818451
21.02242796089503 11.001909692529631
21.02251196106286 11.256327858137638
21.022595961230692 11.057194414998804
21.022679961398527 13.918918045348713
21.02276396156636 7.343881664055021
21.02284796173419 11.298184675617541
21.022931961902025 10.77884574083985
21.023015962069856 8.954505962262965
21.023099962237687 2.872235541800628
21.023183962405522 6.29144353441768
21.023267962573353 2.22834024443336
21.023351962741184 9.177776309016922
21.02343596290902 1.8846891230279736
21.02351996307685 2.585378873662229
21.023603963244682 9.238881822742085
21.023687963412517 1.8311130789912182
21.023771963580348 11.038655368002582
21.02385596374818 6.404680964777201
21.023939963916014 9.745346745961546
21.024023964083845 9.749406948053137
21.024107964251677 2.8489350558429716
21.02419196441951 2.6211458881717036
21.024275964587343 8.90238925500398
21.024359964755174 2.8981901938950365
21.02444396492301 9.118482384714257
21.02452796509084 6.879636735802522
21.024611965258675 5.415889702522099
21.024695965426506 9.542509483424379
21.024779965594337 3.4749433166082087
21.024863965762172 9.408656616266265
21.024947965930004 4.4987361622400055
21.025031966097835 1.1695064340713197
21.02511596626567 8.56386927267192
21.0251999664335 8.361146368490429
21.025283966601332 1.9214352604343867
21.025367966769167 9.691381430522837
21.025451966937 8.880488795658453
21.02553596710483 7.425319100264463
21.025619967272664 10.018060087962052
21.025703967440496 10.349119326464603
21.025787967608327 6.605859548243654
21.025871967776162 5.660539077166657
21.025955967943993 1.5774250429558951
21.026039968111824 4.5235630715696225
21.02612396827966 0.6215830795481323
21.02620796844749 9.78678598771967
21.026291968615322 0.43384307467719235
21.026375968783157 2.466466535010199
21.026459968950988 9.465390571266388
21.02654396911882 3.8676511256129618
21.026627969286654 5.412621335942918
21.026711969454485 7.500379335124219
21.026795969622317 0.8711509806527072
21.02687996979015 4.171009913418794
21.026963969957983 6.600212145602379
21.027047970125817 8.077716544735248
21.02713197029365 7.094212145693871
21.02721597046148 0.22140639856872557
21.027299970629315 0.6201885787432754
21.027383970797146 1.4908290796276364
21.027467970964977 7.682750139017147
21.027551971132812 3.4563023748102455
21.027635971300644 8.140654280586032
21.027719971468475 9.78016837618525
21.02780397163631 1.579575978078595
21.02788797180414 1.8798262252169529
21.027971971971972 5.662542365487089
21.028055972139807 7.902044292248987
21.02813997230764 3.4762299333680415
21.02822397247547 8.269019514395543
21.028307972643304 7.32670831633923
21.028391972811136 2.524007815813782
21.028475972978967 9.459618034736746
21.028559973146802 5.294172725488495
21.028643973314633 5.261193824723895
21.028727973482464 8.019389123320332
21.0288119736503 5.982807608880864
21.02889597381813 2.689531742247944
21.02897997398596 7.506503962235294
21.029063974153797 5.914672302159211
21.029147974321628 7.615488011179456
21.029231974489463 0.07418372134575608
21.029315974657294 6.454540263286259
21.029399974825125 5.0035651633749
21.02948397499296 0.1900614441063424
21.02956797516079 5.78199803879557
21.029651975328623 4.53214656909417
21.029735975496457 5.03617570789717
21.02981997566429 0.006380620623038805
21.02990397583212 0.943868009376165
21.029987975999955 2.946803287951674
21.030071976167786 6.158326290776892
21.030155976335617 4.864472552793621
21.030239976503452 3.0830162959977963
21.030323976671284 4.988316458015284
21.030407976839115 0.0937990784179499
21.03049197700695 6.32519963447467
21.03057597717478 4.472779079440476
21.030659977342612 1.9714364532855884
21.030743977510447 0.2011960973534922
21.03082797767828 0.45080155386583926
21.03091197784611 6.109550584641125
21.030995978013944 10.116914280892404
21.031079978181776 7.517721280122661
21.031163978349607 2.589858785751624
21.03124797851744 7.004327783031025
21.031331978685273 9.336488414198511
21.031415978853104 2.3666698942140423
21.03149997902094 5.83242569151678
21.03158397918877 7.131521940108879
21.031667979356605 3.8297703599086206
21.031751979524437 2.9268468342535487
21.031835979692268 8.401281822908649
21.031919979860103 1.40167633722189
21.032003980027934 0.4896730310290996
21.032087980195765 8.858858175123888
21.0321719803636 5.899805865109111
21.03225598053143 9.25845894868125
21.032339980699263 3.6272430760331384
21.032423980867097 9.83900189629325
21.03250798103493 6.59824743256274
21.03259198120276 9.424443966597844
21.032675981370595 4.814794682425098
21.032759981538426 8.776324045728275
21.032843981706257 1.1931339813794377
21.032927981874092 2.5284190011998744
21.033011982041923 2.431068658786
21.033095982209755 7.574174973469063
21.03317998237759 1.6863818216003066
21.03326398254542 2.8216515134248175
21.033347982713252 5.0541489002489834
21.033431982881087 1.726657140311553
21.03351598304892 2.386710721768554
21.03359998321675 8.907834220830852
21.033683983384584 0.6397997848000143
21.033767983552416 6.608404058991692
21.033851983720247 5.3681137233316605
21.03393598388808 0.4992175730726579
21.034019984055913 7.895275074879255
21.034103984223748 6.495064400412095
21.03418798439158 10.003961220047593
21.03427198455941 10.14388716932578
21.034355984727245 10.161600734884349
21.034439984895076 4.328711164299754
21.034523985062908 3.8867271704640936
21.034607985230743 9.75286860214109
21.034691985398574 7.7014101613729675
21.034775985566405 5.597495405658792
21.03485998573424 8.14470317696358
21.03494398590207 1.6314157187349116
21.035027986069903 4.089824586899244
21.035111986237737 3.8792602066016904
21.03519598640557 2.816107987777879
21.0352799865734 7.511565560544902
21.035363986741235 5.287514630741329
21.035447986909066 9.470909005828425
21.035531987076897 10.34839749732316
21.035615987244732 8.909415298953695
21.035699987412563 3.9917050074856366
21.035783987580395 8.678829452707385
21.03586798774823 0.07872003852377137
21.03595198791606 3.4822838554669078
21.036035988083892 7.875007427393048
21.036119988251727 3.5513290864939955
21.036203988419558 6.413049850656473
21.036287988587393 0.061758519341878815
21.036371988755224 4.993956308724785
21.036455988923056 7.233331809029146
21.03653998909089 6.663217649316567
21.03662398925872 5.805450409850157
21.036707989426553 6.739110988329161
21.036791989594388 1.350450876322178
21.03687598976222 0.5778965254341746
21.03695998993005 3.820242159364794
21.037043990097885 9.13865163873088
21.037127990265716 1.497174091548857
21.037211990433548 8.97636161269552
21.037295990601383 8.478798725072412
21.037379990769214 10.238669669782023
21.037463990937045 9.075389041210089
21.03754799110488 5.058405601293409
21.03763199127271 4.297279065422254
21.037715991440542 2.519454195239208
21.037799991608377 7.560190037134951
21.03788399177621 2.4891546761307253
21.03796799194404 0.29141882344651676
21.038051992111875 2.306733941975388
21.038135992279706 4.173110337155253
21.038219992447537 3.093257439413474
21.038303992615372 10.153457362980365
21.038387992783203 9.870892976933069
21.038471992951035 10.359339182803653
21.03855599311887 5.930000341908251
21.0386399932867 8.7871190570957
21.038723993454536 6.034059865508951
21.038807993622367 3.8855528791065144
21.038891993790198 1.7096931377997417
21.038975993958033 0.3948219546982222
21.039059994125864 5.515111899639567
21.039143994293696 8.80384748911484
21.03922799446153 6.61674992691039
21.03931199462936 6.499330433775532
21.039395994797193 9.383514744603156
21.039479994965028 7.655616372365442
21.03956399513286 6.097102626167964
21.03964799530069 3.6281582592064456
21.039731995468525 5.804512305864769
21.039815995636356 5.357351070317943
21.039899995804188 9.555722130779428
21.039983995972023 9.939795212273715
21.040067996139854 8.693803507527987
21.040151996307685 4.793468633746062
21.04023599647552 2.653920556862409
21.04031999664335 8.03826786116131
21.040403996811182 0.3461373195919557
21.040487996979017 5.112051468581837
21.04057199714685 4.749159884108828
21.04065599731468 1.5622497026986142
21.040739997482515 6.355359523641034
21.040823997650346 9.023359777074951
21.04090799781818 3.6357783222604327
21.040991997986012 9.26095684039329
21.041075998153843 4.3110036843678055
21.041159998321678 8.869311560135227
21.04124399848951 8.496745382785575
21.04132799865734 3.99419402645667
21.041411998825176 8.648106653322923
21.041495998993007 7.768459536001727
21.041579999160838 10.34882217902097
21.041663999328673 3.272375465485758
21.041747999496504 7.291371895966389
21.041831999664335 5.039156068750281
21.04191599983217 3.3240853054007706
21.042 8.93682895798931
